102 | 1020000
W00191630100649 | 021113020157 | 10000 | 20190429153038
W00191630100650 | 021113020158 | 10000 | 20190429153038
W00191630100651 | 021113020159 | 10000 | 20190429153038
W00191630100652 | 021113020160 | 10000 | 20190429153038
W00191630100653 | 021113020161 | 10000 | 20190429153038
W00191630100654 | 021113020162 | 10000 | 20190429153038
W00191630100655 | 021113020157 | 10000 | 20190429153038
W00191630100656 | 021113020158 | 10000 | 20190429153038
W00191630100657 | 021113020159 | 10000 | 20190429153038
W00191630100658 | 021113020160 | 10000 | 20190429153038
W00191630100659 | 021113020161 | 10000 | 20190429153038
W00191630100660 | 021113020162 | 10000 | 20190429153038
W00191630100661 | 021113020159 | 10000 | 20190429153038
W00191630100662 | 021113020160 | 10000 | 20190429153038
W00191630100663 | 021113020161 | 10000 | 20190429153038
W00191630100664 | 021113020162 | 10000 | 20190429153038
W00191630100665 | 021113020157 | 10000 | 20190429153038
W00191630100666 | 021113020158 | 10000 | 20190429153038
W00191630100667 | 021113020159 | 10000 | 20190429153038
W00191630100668 | 021113020160 | 10000 | 20190429153038
W00191630100669 | 021113020161 | 10000 | 20190429153038
W00191630100670 | 021113020162 | 10000 | 20190429153038
W00191630100671 | 021113020159 | 10000 | 20190429153038
W00191630100672 | 021113020160 | 10000 | 20190429153038
W00191630100673 | 021113020161 | 10000 | 20190429153038
W00191630100674 | 021113020162 | 10000 | 20190429153038
W00191630100675 | 021113020157 | 10000 | 20190429153038
W00191630100676 | 021113020158 | 10000 | 20190429153038
W00191630100677 | 021113020159 | 10000 | 20190429153038
W00191630100678 | 021113020160 | 10000 | 20190429153038
W00191630100679 | 021113020161 | 10000 | 20190429153038
W00191630100680 | 021113020162 | 10000 | 20190429153038
W00191630100681 | 021113020159 | 10000 | 20190429153038
W00191630100682 | 021113020160 | 10000 | 20190429153038
W00191630100683 | 021113020161 | 10000 | 20190429153038
W00191630100684 | 021113020162 | 10000 | 20190429153038
W00191630100685 | 021113020157 | 10000 | 20190429153038
W00191630100686 | 021113020158 | 10000 | 20190429153038
W00191630100687 | 021113020159 | 10000 | 20190429153038
W00191630100688 | 021113020160 | 10000 | 20190429153038
W00191630100689 | 021113020161 | 10000 | 20190429153038
W00191630100690 | 021113020162 | 10000 | 20190429153038
W00191630100691 | 021113020159 | 10000 | 20190429153038
W00191630100692 | 021113020160 | 10000 | 20190429153038
W00191630100693 | 021113020161 | 10000 | 20190429153038
W00191630100694 | 021113020162 | 10000 | 20190429153038
W00191630100695 | 021113020157 | 10000 | 20190429153038
W00191630100696 | 021113020158 | 10000 | 20190429153038
W00191630100697 | 021113020159 | 10000 | 20190429153038
W00191630100698 | 021113020160 | 10000 | 20190429153038
W00191630100699 | 021113020161 | 10000 | 20190429153038
W00191630100700 | 021113020162 | 10000 | 20190429153038
W00191630100701 | 021113020159 | 10000 | 20190429153038
W00191630100702 | 021113020160 | 10000 | 20190429153038
W00191630100703 | 021113020161 | 10000 | 20190429153038
W00191630100704 | 021113020162 | 10000 | 20190429153038
W00191630100705 | 021113020157 | 10000 | 20190429153038
W00191630100706 | 021113020158 | 10000 | 20190429153038
W00191630100707 | 021113020159 | 10000 | 20190429153038
W00191630100708 | 021113020160 | 10000 | 20190429153038
W00191630100709 | 021113020161 | 10000 | 20190429153038
W00191630100710 | 021113020162 | 10000 | 20190429153038
W00191630100711 | 021113020159 | 10000 | 20190429153038
W00191630100712 | 021113020160 | 10000 | 20190429153038
W00191630100713 | 021113020161 | 10000 | 20190429153038
W00191630100714 | 021113020162 | 10000 | 20190429153038
W00191630100715 | 021113020157 | 10000 | 20190429153038
W00191630100716 | 021113020158 | 10000 | 20190429153038
W00191630100717 | 021113020159 | 10000 | 20190429153038
W00191630100718 | 021113020160 | 10000 | 20190429153038
W00191630100719 | 021113020161 | 10000 | 20190429153038
W00191630100720 | 021113020162 | 10000 | 20190429153038
W00191630100721 | 021113020159 | 10000 | 20190429153038
W00191630100722 | 021113020160 | 10000 | 20190429153038
W00191630100723 | 021113020161 | 10000 | 20190429153038
W00191630100724 | 021113020162 | 10000 | 20190429153038
W00191630100725 | 021113020157 | 10000 | 20190429153038
W00191630100726 | 021113020158 | 10000 | 20190429153038
W00191630100727 | 021113020159 | 10000 | 20190429153038
W00191630100728 | 021113020160 | 10000 | 20190429153038
W00191630100729 | 021113020161 | 10000 | 20190429153038
W00191630100730 | 021113020162 | 10000 | 20190429153038
W00191630100731 | 021113020159 | 10000 | 20190429153038
W00191630100732 | 021113020160 | 10000 | 20190429153038
W00191630100733 | 021113020161 | 10000 | 20190429153038
W00191630100734 | 021113020162 | 10000 | 20190429153038
W00191630100735 | 021113020157 | 10000 | 20190429153038
W00191630100736 | 021113020158 | 10000 | 20190429153038
W00191630100737 | 021113020159 | 10000 | 20190429153038
W00191630100738 | 021113020160 | 10000 | 20190429153038
W00191630100739 | 021113020161 | 10000 | 20190429153038
W00191630100740 | 021113020162 | 10000 | 20190429153038
W00191630100741 | 021113020159 | 10000 | 20190429153038
W00191630100742 | 021113020160 | 10000 | 20190429153038
W00191630100743 | 021113020161 | 10000 | 20190429153038
W00191630100744 | 021113020162 | 10000 | 20190429153038
W00191630100745 | 021113020157 | 10000 | 20190429153038
W00191630100746 | 021113020158 | 10000 | 20190429153038
W00191630100747 | 021113020159 | 10000 | 20190429153038
W00191630100748 | 021113020160 | 10000 | 20190429153038
W00191630100749 | 021113020161 | 10000 | 20190429153038
W00191630100750 | 021113020162 | 10000 | 20190429153038